3149925    1    1
3045058    1    1
3050865    1    1
3058549    1    1
3060158    1    1
3073808    1    1
3077936    1    1
3084818    1    1
3091081    1    1
3094444    1    1
3094767    1    1
3100981    1    1
3111459    1    1
3112843    1    1
3119879    1    1
3133020    1    1
3138692    1    1
3141119    1    1
3142854    1    1
3148658    1    1
3148727    1    1
3163491    1    1
3174907    1    1
3175701    1    1
3179222    1    1
3179663    1    1
3184133    1    1
3185133    1    1
3185549    1    1
3188839    1    1
3199525    1    1
3208416    1    1
3208478    1    1
3211975    1    1
3212834    2    1
3215423    1    1
3221276    1    1
3222603    1    1
3225182    1    1
3227934    1    1
3232136    1    1
3232378    1    1
3250156    2    1
3257011    1    1
3259206    1    1
3259647    1    1
3265140    1    1
3271055    1    1
3283553    1    1
3283737    1    1
3284139    1    1
3284767    1    1
3058837    2    2
3102531    2    2
3104750    2    2
3190698    2    2
3198190    2    2
3201443    2    2
3227288    1    2
3249000    2    2
3249195    2    2
3259216    2    2
