3149925    1    1
3045058    1    1
3050865    1    2
3058549    1    2
3060158    1    1
3073808    1    1
3077936    1    2
3084818    3    2
3091081    1    2
3094444    1    1
3094767    2    1
3100981    1    2
3111459    1    1
3112843    1    1
3119879    2    2
3133020    1    1
3138692    1    1
3141119    1    1
3142854    1    2
3148658    1    1
3148727    3    1
3163491    1    2
3174907    3    1
3175701    1    1
3179222    1    2
3179663    1    1
3184133    1    1
3185133    1    1
3185549    1    1
3188839    1    1
3199525    1    1
3208416    1    1
3208478    1    1
3211975    1    1
3212834    3    1
3215423    1    2
3221276    1    1
3222603    1    1
3225182    1    2
3227934    1    2
3232136    1    2
3232378    1    2
3250156    3    2
3257011    1    1
3259206    1    1
3259647    1    2
3265140    1    1
3271055    1    1
3283553    1    1
3283737    1    1
3284139    1    1
3284767    1    1
3058837    3    3
3102531    3    3
3104750    3    3
3190698    3    3
3198190    3    3
3201443    3    3
3227288    1    3
3249000    1    3
3249195    3    3
3259216    3    3
