3149925    1    1
3045058    2    1
3050865    2    2
3058549    2    2
3060158    2    1
3073808    1    1
3077936    2    2
3084818    2    2
3091081    2    2
3094444    2    1
3094767    2    1
3100981    2    2
3111459    2    1
3112843    2    1
3119879    1    2
3133020    2    1
3138692    2    1
3141119    2    1
3142854    2    2
3148658    2    1
3148727    1    1
3163491    2    2
3174907    1    1
3175701    2    1
3179222    2    2
3179663    1    1
3184133    2    1
3185133    2    1
3185549    2    1
3188839    1    1
3199525    2    1
3208416    2    1
3208478    2    1
3211975    1    1
3212834    2    1
3215423    2    2
3221276    1    1
3222603    2    1
3225182    2    2
3227934    2    2
3232136    2    2
3232378    2    2
3250156    2    2
3257011    2    1
3259206    1    1
3259647    2    2
3265140    2    1
3271055    1    1
3283553    1    1
3283737    2    1
3284139    1    1
3284767    1    1
